# file created by code in harbour_fns_1896438.jl
# file created on 2026-03-09 at 15:39:37
# parameter: seed = 1896480
# parameter: T = 30000.0
# parameter: lower_interarrival = 11.0
# parameter: upper_interarrival = 59.0
# parameter: mean_process_times = [11.0, 16.0]
# parameter: max_queue = [9223372036854775807, 4]
# parameter: time_units = hours
id,arrival_time,start_service_times,start_service_times,completion_time
1,0.0,0.0,3.8517054964019177,24.42901989599561
2,34.28513052363678,34.28513052363678,40.57064746405293,58.17782409552239
3,60.74152684213257,60.74152684213257,70.49963000453478,81.8675407051252
4,92.6580696799919,92.6580696799919,99.92385942810759,117.900154353796
5,108.81947128472072,108.81947128472072,120.83143152313808,137.60816628031552
6,128.96474777489854,128.96474777489854,146.1049929469833,158.0619541997824
7,183.1532345861593,183.1532345861593,184.60751111872014,204.51733675927585
8,214.66426382824733,214.66426382824733,223.43326382433705,242.89010193781957
9,252.1969776785444,252.1969776785444,268.3285389672734,290.59027134361963
10,305.6582299582992,305.6582299582992,307.0792973739127,322.68793207441047
11,362.1184925161706,362.1184925161706,370.45712208685063,386.6082545940094
12,389.49371645772203,389.49371645772203,397.86639975686734,415.87882196475374
13,408.6123433027338,408.6123433027338,415.87882196475374,429.48318263650043
14,436.7760969296941,436.7760969296941,439.10334438445096,456.84545399886645
15,455.7211694332871,455.7211694332871,469.3368139933237,479.74007614990154
16,487.5914444330277,487.5914444330277,515.6162764867126,528.0477298820398
17,502.9927671876756,515.6162764867126,532.486960175391,550.1624072092704
18,517.7538058605938,532.486960175391,552.8040063909561,564.1083196965587
19,535.4625887407541,552.8040063909561,564.1083196965587,583.6408064440287
20,580.853183005369,580.853183005369,583.6408064440287,599.6213552065491
21,598.3986751393797,598.3986751393797,613.3140024025788,626.2303280638924
22,629.7168435512561,629.7168435512561,630.2016948476455,649.0258896251258
23,670.0230938720509,670.0230938720509,671.9096702486377,692.9847515167405
24,688.1040250361825,688.1040250361825,692.9847515167405,709.9676949844511
25,723.9913141828582,723.9913141828582,730.0805632927503,738.9380059395879
26,747.8150450607653,747.8150450607653,760.4512871298436,778.5661455283268
27,785.0520703365826,785.0520703365826,788.9253203913904,804.3867050406849
28,815.8753711795296,815.8753711795296,818.7910208699137,834.1177958899888
29,860.3778157555682,860.3778157555682,868.2475668052456,881.1672030630934
30,889.5341129751507,889.5341129751507,913.9470534871697,934.5060549262906
31,904.6849661776628,913.9470534871697,934.5060549262906,948.6426817998591
32,917.6921112181906,917.6921112181906,948.6426817998591,961.6649048855771
33,967.8737030000544,967.8737030000544,993.3551880967868,1003.0636361752516
34,987.9731912381544,993.3551880967868,1003.0636361752516,1016.6737314037478
35,1017.4800522808232,1017.4800522808232,1032.0329034349552,1042.5972832116042
36,1070.120491199333,1070.120491199333,1102.7670162865131,1121.1254183901674
37,1095.0045839937347,1102.7670162865131,1121.1254183901674,1135.8492194316225
38,1148.403923644981,1148.403923644981,1170.5965708399092,1185.6363526169173
39,1168.9373907408913,1170.5965708399092,1185.6363526169173,1200.9083712244956
40,1192.5421595394062,1192.5421595394062,1200.9083712244956,1217.0193766761117
41,1224.5825009956686,1224.5825009956686,1230.4094080995808,1248.0604275477658
42,1249.1224037345162,1249.1224037345162,1253.5763798658188,1266.0739090250652
43,1283.3950283671388,1283.3950283671388,1291.1415862285805,1304.9561098893582
44,1323.3714869645755,1323.3714869645755,1328.0981485709453,1344.1524304875277
45,1366.4455454845936,1366.4455454845936,1370.3601740988315,1386.9056348258214
46,1417.4241695009537,1417.4241695009537,1427.4595143325234,1442.7393948688737
47,1448.2862426745446,1448.2862426745446,1451.544372752722,1465.1673330561505
48,1483.5086718405469,1483.5086718405469,1488.8241996840109,1504.8797914664983
49,1526.9862698769466,1526.9862698769466,1530.4077483666197,1548.5453956004174
50,1573.8800633137319,1573.8800633137319,1604.1033171984664,1621.3681355830818
51,1610.8669768031982,1610.8669768031982,1637.804929244479,1649.1146833610928
52,1642.5872460465284,1642.5872460465284,1652.1481842592539,1668.3490555684768
53,1691.5158827472023,1691.5158827472023,1719.4278383842927,1734.9503376419375
54,1702.8652598926521,1719.4278383842927,1734.9503376419375,1747.2006001821292
55,1715.8879385694918,1720.7387646053432,1747.2006001821292,1761.2243489062898
56,1747.0335838986634,1747.0335838986634,1761.2243489062898,1779.0707781607864
57,1798.616600104669,1798.616600104669,1808.065340210641,1820.9448472902777
58,1814.0508063542973,1814.0508063542973,1820.9448472902777,1835.8969315327092
59,1872.634940459629,1872.634940459629,1916.4862695978607,1932.3469287429048
60,1919.2004916145831,1919.2004916145831,1932.3469287429048,1949.6648683799456
61,1938.159851377723,1938.159851377723,1949.6648683799456,1966.6536007086008
62,1971.4572085391899,1971.4572085391899,1984.669129008497,1996.8676335667813
63,2002.9987546811046,2002.9987546811046,2012.3914783434016,2028.2107173195343
64,2051.2883139737323,2051.2883139737323,2058.760453389738,2075.9751385223813
65,2083.191817922726,2083.191817922726,2093.603816436834,2104.064806666711
66,2103.5147491611574,2103.5147491611574,2107.8865589165616,2123.640505004133
67,2151.9375924041206,2151.9375924041206,2161.940930817376,2178.408915741421
68,2201.2640029489867,2201.2640029489867,2230.2150895773457,2249.6589990891393
69,2220.560129266845,2230.2150895773457,2262.0697822001207,2280.937032653027
70,2238.699771736978,2262.0697822001207,2307.2563147919386,2320.5764419059374
71,2287.3759647023326,2307.2563147919386,2328.1420025948887,2344.9795806576535
72,2332.9288793279197,2332.9288793279197,2344.9795806576535,2363.6651752287216
73,2370.3566779377506,2370.3566779377506,2384.1489273262,2402.8035801760116
74,2384.793868650065,2384.793868650065,2404.024948988394,2420.8356295663034
75,2416.1887365067487,2416.1887365067487,2436.1091198754852,2453.840008209414
76,2467.854480714836,2467.854480714836,2474.235108919155,2491.1843323803746
77,2505.9880555895343,2505.9880555895343,2510.055266223465,2523.0311387438032
78,2529.1698521923254,2529.1698521923254,2529.860450577965,2545.7378445261324
79,2578.9315975341674,2578.9315975341674,2581.241258147526,2601.2680378828522
80,2624.5206928863195,2624.5206928863195,2636.1526549558344,2647.1915422147977
81,2675.2450057042483,2675.2450057042483,2675.63399984174,2692.456334571993
82,2715.4320124479946,2715.4320124479946,2722.278763033134,2744.825110541812
83,2767.139423839387,2767.139423839387,2774.2556025879226,2793.0401358829217
84,2819.6558172909818,2819.6558172909818,2829.6078775467427,2839.693993977529
85,2855.772716474851,2855.772716474851,2878.5303685762797,2893.4207290604504
86,2901.845066355371,2901.845066355371,2913.616114557636,2929.314145369288
87,2945.7008949087185,2945.7008949087185,2949.6661801969976,2965.213800404552
88,3003.0206333725255,3003.0206333725255,3016.636584850266,3031.2227028503576
89,3025.5524265731897,3025.5524265731897,3031.2227028503576,3047.286343288405
90,3060.2487676248884,3060.2487676248884,3079.596832503674,3097.641254166155
91,3115.387170798088,3115.387170798088,3115.837430934886,3134.960250333027
92,3143.3398906646794,3143.3398906646794,3153.2373848068437,3172.7075718015244
93,3169.8171580511016,3169.8171580511016,3174.6249709770823,3186.809083044069
94,3208.5397295605803,3208.5397295605803,3222.2389991754762,3241.316491981127
95,3245.6394727423935,3245.6394727423935,3265.082321446315,3278.321007012732
96,3304.455114089263,3304.455114089263,3316.2459039901405,3329.3797728681357
97,3330.5287463834775,3330.5287463834775,3330.943781497835,3340.861866410629
98,3361.6655642290725,3361.6655642290725,3365.3122289654425,3382.808141866594
99,3392.22926749528,3392.22926749528,3409.132557582027,3431.852390700251
100,3422.8901094142566,3422.8901094142566,3439.9900421214893,3457.9525544045355
101,3466.7311466637034,3466.7311466637034,3473.2419440456583,3484.0594079459433
102,3491.678883458982,3491.678883458982,3492.7890130279566,3508.585848439858
103,3546.62838188785,3546.62838188785,3555.8373711774907,3568.334018909939
104,3597.1703014256495,3597.1703014256495,3622.9970206417206,3639.580162705927
105,3634.1402808287876,3634.1402808287876,3639.580162705927,3658.46859445643
106,3645.8414777174285,3645.8414777174285,3658.46859445643,3676.1532433204557
107,3696.8740453896,3696.8740453896,3697.3391174034264,3716.656453525578
108,3737.390270233742,3737.390270233742,3744.704021430109,3763.7384573980407
109,3779.8844814256254,3779.8844814256254,3781.711073050979,3796.597060539584
110,3802.9574809454716,3802.9574809454716,3833.2386448579964,3848.281234041409
111,3838.2073601273064,3838.2073601273064,3858.5790438967383,3875.119273369234
112,3876.6378535684585,3876.6378535684585,3880.799854242364,3895.1725972239874
113,3922.3940207819883,3922.3940207819883,3932.6270596707045,3953.111371895002
114,3978.216732847276,3978.216732847276,3978.707952036215,3995.451578918501
115,4001.3494732043505,4001.3494732043505,4002.7526855069896,4022.5894545969754
116,4046.722077028513,4046.722077028513,4098.358469017845,4117.536242393311
117,4070.7896001106565,4098.358469017845,4117.536242393311,4134.632895428278
118,4089.6469486186206,4110.78219029274,4134.632895428278,4155.551122163134
119,4125.965755528588,4125.965755528588,4155.551122163134,4174.73642057771
120,4139.412026003265,4139.412026003265,4174.73642057771,4187.367359107408
121,4196.604280119959,4196.604280119959,4198.345174752075,4215.672048577781
122,4231.530500167056,4231.530500167056,4237.58404666777,4252.226055744466
123,4266.5901052881345,4266.5901052881345,4283.032420795829,4303.375242274533
124,4316.0277410744875,4316.0277410744875,4322.9250996402,4333.372049323771
125,4362.886303141999,4362.886303141999,4377.702172338963,4400.668269089667
126,4398.271646863078,4398.271646863078,4400.668269089667,4417.513915531542
127,4409.479489529955,4409.479489529955,4419.449605010216,4439.126662013346
128,4422.549695256281,4422.549695256281,4439.126662013346,4452.050918801808
129,4466.143965795006,4466.143965795006,4469.300157787405,4483.05761991902
130,4489.182231049109,4489.182231049109,4508.002694068764,4523.540387821494
131,4533.785870730973,4533.785870730973,4539.880119597931,4558.325812348423
132,4552.008923559061,4552.008923559061,4558.325812348423,4572.449628887254
133,4566.564909714528,4566.564909714528,4572.449628887254,4587.823368764559
134,4624.390438016026,4624.390438016026,4625.611160776309,4639.452892139144
135,4639.448603326154,4639.448603326154,4640.967765426289,4660.260979548909
136,4667.491575817543,4667.491575817543,4667.995242267667,4683.006006194107
137,4717.362721758634,4717.362721758634,4731.959969336816,4747.404581986815
138,4765.740356716625,4765.740356716625,4769.685175979227,4788.8208964230735
139,4780.417216346772,4780.417216346772,4792.1035143742465,4805.709606483397
140,4820.6569331673445,4820.6569331673445,4844.6012914045905,4863.284277441962
141,4841.050951438348,4844.6012914045905,4863.284277441962,4880.788176623461
142,4883.980396165609,4883.980396165609,4885.009659726526,4900.2878368381835
143,4940.828028383017,4940.828028383017,4944.857247753622,4959.859727895579
144,4987.554729551849,4987.554729551849,4998.090406371477,5009.255058419038
145,5017.802585046288,5017.802585046288,5020.46972974042,5033.99318759025
146,5035.321878664992,5035.321878664992,5044.801809116197,5061.617073520101
147,5077.1862864169025,5077.1862864169025,5084.145412970332,5105.130367963703
148,5090.447304470173,5090.447304470173,5105.130367963703,5119.704298410488
149,5111.925045273144,5111.925045273144,5119.704298410488,5130.29306073403
150,5170.633660403898,5170.633660403898,5179.034312033629,5198.452029976854
151,5185.2350019158575,5185.2350019158575,5198.452029976854,5219.1981831781995
152,5203.001831522034,5203.001831522034,5219.1981831781995,5237.098897419878
153,5247.992737274089,5247.992737274089,5249.030376008379,5267.513377738317
154,5270.913806429513,5270.913806429513,5278.00236809277,5294.625854278643
155,5295.853178192025,5295.853178192025,5323.9591476843125,5343.5469125463405
156,5325.182871820263,5325.182871820263,5343.5469125463405,5359.822768137032
157,5339.261130510784,5339.261130510784,5359.822768137032,5377.132345342732
158,5397.4612181070015,5397.4612181070015,5407.341580045721,5421.91858429839
159,5410.802339862385,5410.802339862385,5421.91858429839,5441.193708426994
160,5450.120250286332,5450.120250286332,5464.920072135138,5482.448120639567
161,5497.82320365738,5497.82320365738,5522.231537728325,5543.376382120136
162,5526.877930883853,5526.877930883853,5543.376382120136,5558.460484774238
163,5550.277692939152,5550.277692939152,5559.438249289777,5578.258875052299
164,5605.459853739152,5605.459853739152,5628.837267888084,5648.884449071549
165,5631.059732746392,5631.059732746392,5653.333165933288,5669.789040545269
166,5669.555692460533,5669.555692460533,5672.21237150476,5692.359875527348
167,5695.005307741276,5695.005307741276,5695.955775081538,5710.7526996407005
168,5723.0903782595,5723.0903782595,5748.366596336237,5764.073223946543
169,5769.535455198922,5769.535455198922,5801.911832994037,5816.0364188710455
170,5815.633359389788,5815.633359389788,5819.352675225981,5839.21616789386
171,5871.775459298517,5871.775459298517,5876.076794113337,5889.285512662597
172,5897.6162069055235,5897.6162069055235,5899.069499621195,5918.265644705886
173,5950.004346422756,5950.004346422756,6012.442955786383,6023.521741959402
174,5968.937765895456,6012.442955786383,6023.521741959402,6046.019593926019
175,5986.700831975713,6020.434217609201,6046.019593926019,6064.454102997793
176,6001.989632009702,6025.336344561289,6064.454102997793,6080.761820487547
177,6052.137481537166,6052.137481537166,6080.761820487547,6099.301497772957
178,6073.762583129436,6073.762583129436,6099.301497772957,6122.37727617856
179,6126.30201171271,6126.30201171271,6130.0423632052625,6149.712785834901
180,6153.024927632185,6153.024927632185,6156.001497219788,6168.954147182845
181,6211.168944615184,6211.168944615184,6229.200978076156,6241.219778483052
182,6265.325637160361,6265.325637160361,6270.816565234993,6285.941860022495
183,6294.35702082297,6294.35702082297,6302.645211979576,6316.257316886491
184,6320.099815389073,6320.099815389073,6324.897287145795,6342.946753467722
185,6355.717663128384,6355.717663128384,6375.384961144046,6391.201841527224
186,6369.108162180917,6375.384961144046,6391.201841527224,6407.134643483418
187,6383.107592940908,6383.107592940908,6407.134643483418,6424.156299548622
188,6405.987675865304,6405.987675865304,6424.156299548622,6440.859326320629
189,6421.642908360351,6421.642908360351,6440.859326320629,6453.618170559708
190,6441.636363315948,6441.636363315948,6460.751971610295,6475.429317870426
191,6477.750205831445,6477.750205831445,6517.257506888925,6533.959085411188
192,6514.548610497517,6517.257506888925,6533.959085411188,6547.47736552945
193,6560.068293414256,6560.068293414256,6565.8491893616065,6579.1678962197575
194,6593.846702740099,6593.846702740099,6597.691416056977,6616.537024672336
195,6606.991744763268,6606.991744763268,6636.970855217913,6653.547634068657
196,6636.002974726917,6636.970855217913,6653.547634068657,6671.128329186327
197,6676.683868061546,6676.683868061546,6684.974192946439,6702.584815239851
198,6695.630270714679,6695.630270714679,6710.204815221264,6725.939930289879
199,6723.685316759812,6723.685316759812,6745.835721162239,6761.9503200403
200,6761.72377831338,6761.72377831338,6776.602473807702,6790.631278268415
201,6792.425289976588,6792.425289976588,6792.637507955227,6811.713231504735
202,6820.938202798128,6820.938202798128,6826.004598923631,6840.977597146217
203,6850.151133759762,6850.151133759762,6859.27399872633,6876.313818665203
204,6892.751542065124,6892.751542065124,6896.435113645131,6906.213999306036
205,6935.6386325950725,6935.6386325950725,6937.682125423565,6950.1444694637
206,6977.032370075268,6977.032370075268,6977.4113813919475,6998.249203076721
207,7025.108484727539,7025.108484727539,7045.576096899406,7054.888572122445
208,7043.971756347577,7045.576096899406,7088.185269665349,7099.864582363616
209,7092.794567119012,7092.794567119012,7100.410596499817,7114.468134831187
210,7111.286933154209,7111.286933154209,7127.241058768323,7143.216200385581
211,7164.104344551515,7164.104344551515,7186.089547497312,7200.911999772549
212,7209.290697622086,7209.290697622086,7219.044157119891,7233.418105777692
213,7232.196655706731,7232.196655706731,7241.466416067148,7254.264664560806
214,7278.435919836827,7278.435919836827,7282.268554968588,7297.309255349623
215,7334.176967938675,7334.176967938675,7338.743213451988,7351.405211924171
216,7377.652117271985,7377.652117271985,7386.796247483406,7402.011897433103
217,7410.731845716321,7410.731845716321,7412.43211028605,7425.3414200465395
218,7464.3709745078495,7464.3709745078495,7479.650720411573,7494.50855976482
219,7520.279208635239,7520.279208635239,7522.358908734922,7539.736292265729
220,7544.6312896374,7544.6312896374,7562.732118386954,7574.956432307318
221,7566.698594866053,7566.698594866053,7574.956432307318,7592.1655784690265
222,7602.735698754796,7602.735698754796,7610.492399648124,7626.652397259529
223,7636.284584847444,7636.284584847444,7650.549459695292,7669.187956836322
224,7650.139804726878,7650.549459695292,7669.187956836322,7680.8435685983295
225,7666.790663059231,7666.790663059231,7680.8435685983295,7700.3146623549155
226,7700.92828870106,7700.92828870106,7712.473087118489,7725.54305916176
227,7735.611843828618,7735.611843828618,7788.22795588487,7806.471991524839
228,7756.066197058755,7788.22795588487,7806.471991524839,7822.375127484651
229,7800.46922808593,7800.46922808593,7822.375127484651,7840.244130023603
230,7835.4831001801485,7835.4831001801485,7852.667753634178,7870.855237722639
231,7856.138501289029,7856.138501289029,7870.855237722639,7889.639252667255
232,7876.349682094135,7876.349682094135,7889.639252667255,7906.685729197534
233,7934.957803248058,7934.957803248058,7942.989867176983,7962.363558312302
234,7974.958254320464,7974.958254320464,7985.013795072265,7994.659961800452
235,8009.381297649178,8009.381297649178,8020.333502987183,8038.041468277375
236,8063.937572806933,8063.937572806933,8068.495304405499,8079.709696318026
237,8102.385067456251,8102.385067456251,8109.306993807156,8126.517110811532
238,8117.185290078269,8117.185290078269,8126.517110811532,8140.235302434685
239,8143.523052496337,8143.523052496337,8149.763819892726,8163.227895470753
240,8156.628342226101,8156.628342226101,8163.227895470753,8176.124409407954
241,8193.562723674826,8193.562723674826,8209.525495985981,8226.553419718975
242,8208.968470923837,8209.525495985981,8226.553419718975,8240.906623990779
243,8232.300381927298,8232.300381927298,8262.633148539326,8280.599227716173
244,8268.31235160144,8268.31235160144,8284.354037245786,8296.060614283559
245,8311.391770156051,8311.391770156051,8313.29568700498,8329.287378926525
246,8358.641904776132,8358.641904776132,8396.371303705399,8413.209624563648
247,8380.797748643952,8396.371303705399,8413.209624563648,8430.39734735773
248,8424.39662921253,8424.39662921253,8430.39734735773,8443.807451054085
249,8441.933653336913,8441.933653336913,8443.807451054085,8455.65055158099
250,8473.65755331324,8473.65755331324,8511.33921868238,8527.344465562335
251,8515.648756521206,8515.648756521206,8530.209934752194,8553.22428878352
252,8550.279788779755,8550.279788779755,8583.969473214749,8598.179065921831
253,8583.727237068579,8583.969473214749,8598.179065921831,8615.68423611368
254,8625.826242438892,8625.826242438892,8643.08662363544,8656.7070253273
255,8656.372567211143,8656.372567211143,8679.057025053833,8695.22049751663
256,8684.645167038969,8684.645167038969,8695.22049751663,8709.90773854781
257,8700.504468827632,8700.504468827632,8709.90773854781,8726.252543590615
258,8758.666382554948,8758.666382554948,8782.182035364816,8788.598487639938
259,8780.176920710803,8782.182035364816,8788.598487639938,8804.311141192564
260,8825.173250425076,8825.173250425076,8834.843204027127,8854.7477870601
261,8863.035178707949,8863.035178707949,8871.13847278524,8885.305792323845
262,8908.55753865598,8908.55753865598,8909.404755477426,8925.794402986861
263,8932.602229359365,8932.602229359365,8935.14354877329,8946.428428745026
264,8977.262118959823,8977.262118959823,9001.620371960757,9015.039905345522
265,9025.879760673582,9025.879760673582,9026.792871767058,9044.050474951338
266,9037.521009693199,9037.521009693199,9049.96266989964,9067.794457996983
267,9055.12462645351,9055.12462645351,9067.794457996983,9084.398251080069
268,9067.416005822377,9067.416005822377,9084.398251080069,9100.945049670496
269,9079.665574275981,9079.665574275981,9116.793153232597,9136.561209718728
270,9120.241487263882,9120.241487263882,9136.561209718728,9154.121942244134
271,9171.25227247301,9171.25227247301,9172.260701845213,9185.463835963517
272,9184.324998430991,9184.324998430991,9194.200663962232,9209.314759181485
273,9215.753598268184,9215.753598268184,9219.822011514982,9237.75812877979
274,9244.624624664197,9244.624624664197,9267.924097317053,9284.896913934703
275,9298.120630023772,9298.120630023772,9300.326573828183,9313.70794653276
276,9316.94889947786,9316.94889947786,9330.702913395058,9354.311785944159
277,9332.357326618461,9332.357326618461,9354.311785944159,9371.7041554019
278,9357.577357721711,9357.577357721711,9371.7041554019,9389.730801221458
279,9414.514711594868,9414.514711594868,9427.663037194385,9439.82692203635
280,9443.030189270186,9443.030189270186,9446.235345043047,9461.012587610061
281,9480.049340992677,9480.049340992677,9482.706380630734,9497.346811334193
282,9496.537198506205,9496.537198506205,9503.01868284276,9521.155238698799
283,9552.381979947468,9552.381979947468,9560.91843940734,9579.400032231848
284,9579.013210321435,9579.013210321435,9596.905578978429,9614.810162649108
285,9622.104999290104,9622.104999290104,9623.395975706697,9640.811556560373
286,9678.700487752649,9678.700487752649,9689.076305615148,9706.301284747891
287,9718.432173184308,9718.432173184308,9744.243274059594,9759.954712892091
288,9753.34991731871,9753.34991731871,9759.954712892091,9774.514381579664
289,9799.083602770845,9799.083602770845,9800.269877008617,9813.628632557082
290,9812.840935227241,9812.840935227241,9821.96111047873,9838.414808314848
291,9870.676044897999,9870.676044897999,9872.328182153495,9882.736086084613
292,9889.534027285163,9889.534027285163,9895.188079548774,9908.307958425576
293,9939.21687039625,9939.21687039625,9939.688341557001,9955.875555825123
294,9963.600908662635,9963.600908662635,9992.441661538047,10005.734923548034
295,9998.359177143822,9998.359177143822,10005.734923548034,10017.557296203531
296,10017.131386991907,10017.131386991907,10030.736844908968,10048.78889703535
297,10037.233284210104,10037.233284210104,10064.732971320233,10075.442133426091
298,10080.47481330481,10080.47481330481,10089.462780659891,10105.723996464281
299,10131.67081918272,10131.67081918272,10138.677364344872,10156.38122674601
300,10175.688279891605,10175.688279891605,10181.12058469758,10200.853204554014
301,10221.258661369662,10221.258661369662,10228.103950299157,10241.863295830313
302,10245.173683769788,10245.173683769788,10247.523107274086,10266.093081064888
303,10273.145643493088,10273.145643493088,10276.317650370616,10294.443603863932
304,10330.524042747014,10330.524042747014,10359.610307248178,10374.362981108563
305,10367.567447951673,10367.567447951673,10374.362981108563,10392.925346383443
306,10414.200424148668,10414.200424148668,10416.255147788008,10429.410189107404
307,10473.009047786,10473.009047786,10475.874137432353,10495.033596500412
308,10523.340185710076,10523.340185710076,10524.11407678691,10539.60774184119
309,10580.142281215501,10580.142281215501,10584.911911840927,10596.594761129854
310,10597.74778748317,10597.74778748317,10615.625764054581,10634.954779617843
311,10652.581192438809,10652.581192438809,10680.613959245251,10692.875241588199
312,10695.812860039847,10695.812860039847,10726.859897466506,10743.923553513603
313,10753.441093429028,10753.441093429028,10760.027246188101,10774.448266432044
314,10767.101102730441,10767.101102730441,10791.438719864042,10812.102628848872
315,10803.841251156433,10803.841251156433,10816.631614226362,10828.663304928301
316,10829.627070875149,10829.627070875149,10830.595198131005,10844.554483572585
317,10860.65386155191,10860.65386155191,10864.487893345136,10879.28050677809
318,10910.880099854017,10910.880099854017,10922.449543375526,10936.070879607003
319,10955.27437417099,10955.27437417099,10974.49772097456,10986.496835750477
320,10976.682503147336,10976.682503147336,10986.496835750477,11005.559421247634
321,11026.29141733802,11026.29141733802,11074.26947159764,11091.122915834736
322,11071.866633282722,11074.26947159764,11091.122915834736,11110.036579870173
323,11083.069565868474,11083.069565868474,11110.036579870173,11122.918696675755
324,11104.337323153468,11104.337323153468,11122.918696675755,11136.935076264548
325,11117.172834060553,11117.172834060553,11136.935076264548,11152.001540637757
326,11141.857853300957,11141.857853300957,11152.001540637757,11169.051472445935
327,11168.035488579331,11168.035488579331,11172.85982960604,11186.797744685793
328,11189.102542986231,11189.102542986231,11191.738637876631,11209.165196419799
329,11235.173740632643,11235.173740632643,11236.733863415024,11256.996258164525
330,11269.335594342165,11269.335594342165,11279.667029428107,11295.124340585115
331,11302.110010589582,11302.110010589582,11309.667163552507,11324.804897302962
332,11352.632882274644,11352.632882274644,11373.546313117988,11389.851148420088
333,11383.302071336255,11383.302071336255,11397.8982260939,11410.617572155375
334,11403.535324563003,11403.535324563003,11412.904749568173,11424.434318087397
335,11444.670626679688,11444.670626679688,11447.423663771073,11465.223789547485
336,11491.339351481147,11491.339351481147,11531.20686561878,11548.711899110598
337,11523.688596777813,11531.20686561878,11550.127254175017,11566.482975101544
338,11578.026365778795,11578.026365778795,11579.5581130359,11591.98698890372
339,11600.030304115031,11600.030304115031,11601.717941249071,11617.14467765307
340,11640.784984159533,11640.784984159533,11642.451420622752,11655.879584152057
341,11658.857561462419,11658.857561462419,11666.802881863656,11688.151858439533
342,11684.455244589164,11684.455244589164,11711.544903175412,11726.632983254814
343,11736.916658452945,11736.916658452945,11770.973244047455,11784.12348368414
344,11793.827677938387,11793.827677938387,11808.733040537818,11822.653663839163
345,11820.70467099224,11820.70467099224,11822.913381452929,11838.938981527212
346,11840.616839240176,11840.616839240176,11843.250685254501,11854.673247745688
347,11867.857605727408,11867.857605727408,11881.152693948292,11896.017593351557
348,11923.817905500257,11923.817905500257,11926.392027206823,11941.967620593045
349,11946.916565490987,11946.916565490987,11977.517157899967,11992.693104888927
350,11973.909094576678,11977.517157899967,11992.693104888927,12007.18840659418
351,12016.859221995528,12016.859221995528,12030.215300176144,12044.564807081384
352,12045.498752538926,12045.498752538926,12098.856496266899,12118.064410854287
353,12072.099570726454,12098.856496266899,12118.064410854287,12128.447220390599
354,12115.242574414619,12115.242574414619,12128.447220390599,12141.608499761736
355,12168.292332843075,12168.292332843075,12182.427522144559,12197.701753031159
356,12223.199827543292,12223.199827543292,12224.50191521152,12241.736214554674
357,12248.322525115282,12248.322525115282,12255.509687955564,12270.464155085254
358,12298.384692844398,12298.384692844398,12299.458473127686,12312.902097389713
359,12322.022745799313,12322.022745799313,12343.091427061954,12353.001715464748
360,12377.293158616856,12377.293158616856,12380.88531985074,12393.061407475241
361,12433.526280558417,12433.526280558417,12434.140449817318,12454.432924877949
362,12453.21604668376,12453.21604668376,12454.432924877949,12470.934248506212
363,12464.510359683454,12464.510359683454,12470.934248506212,12485.549357240789
364,12498.023917165787,12498.023917165787,12501.951047459668,12520.976701002102
365,12538.924612845407,12538.924612845407,12539.175617705354,12554.068766403865
366,12550.359025457099,12550.359025457099,12554.068766403865,12563.16071296813
367,12570.007326613468,12570.007326613468,12572.88696503102,12587.918250418767
368,12596.973623630027,12596.973623630027,12599.306415884319,12613.585660763234
369,12639.087531277071,12639.087531277071,12644.516222518147,12662.365977470194
370,12674.734887310262,12674.734887310262,12688.872791388536,12698.424211264508
371,12697.482397341213,12697.482397341213,12701.111861128391,12722.181092658211
372,12733.048176524037,12733.048176524037,12737.942427889619,12755.21443286723
373,12750.745687420378,12750.745687420378,12762.961226125366,12780.38740918781
374,12766.036202047258,12766.036202047258,12780.38740918781,12793.05224122511
375,12798.378017729652,12798.378017729652,12800.930949241554,12812.922556311847
376,12852.464320657244,12852.464320657244,12858.607130656268,12874.76442141821
377,12905.883808064213,12905.883808064213,12912.301852748295,12934.358087554841
378,12927.46741578678,12927.46741578678,12940.239647764722,12954.525362045695
379,12976.546128126334,12976.546128126334,12978.319931165073,12995.578757007372
380,12998.976730822853,12998.976730822853,13016.399064023322,13036.580793918114
381,13035.940979667726,13035.940979667726,13050.207247542636,13069.006344868976
382,13088.282045977165,13088.282045977165,13099.643551537276,13114.828235406572
383,13100.237752366527,13100.237752366527,13114.828235406572,13129.907565395828
384,13137.093222577703,13137.093222577703,13143.906291325404,13160.865428221965
385,13158.211417424536,13158.211417424536,13161.463332935595,13181.209559812307
386,13176.885272977268,13176.885272977268,13185.383675118472,13202.24509119101
387,13216.553401717112,13216.553401717112,13219.761583319225,13235.992081740958
388,13244.112384442595,13244.112384442595,13245.073315073465,13262.800563679999
389,13274.312430453623,13274.312430453623,13291.108383130753,13307.132489638883
390,13323.863694493702,13323.863694493702,13324.404042108781,13342.716755153406
391,13359.995140187453,13359.995140187453,13362.998860383583,13374.844779547786
392,13417.483806787972,13417.483806787972,13431.149168442467,13443.149058559542
393,13457.016795527321,13457.016795527321,13476.837964236789,13493.996990728867
394,13515.796299801768,13515.796299801768,13523.242982364396,13537.547009470118
395,13559.82409335821,13559.82409335821,13566.186215426285,13579.102455076603
396,13574.72077234757,13574.72077234757,13579.102455076603,13592.832348168826
397,13597.089023376147,13597.089023376147,13603.580320112367,13615.465749874576
398,13638.186041870624,13638.186041870624,13642.39570855499,13658.89142049688
399,13690.584698121369,13690.584698121369,13741.306011555223,13760.566375896115
400,13742.49302251526,13742.49302251526,13764.87197785736,13783.290874330518
401,13769.66694559274,13769.66694559274,13790.91710085744,13805.94815799403
402,13815.751788174644,13815.751788174644,13845.470232576685,13858.85534176244
403,13846.079634073982,13846.079634073982,13858.85534176244,13872.807797505482
404,13877.51718870109,13877.51718870109,13896.141160091589,13910.033347656332
405,13897.328126244258,13897.328126244258,13910.033347656332,13924.412600985777
406,13938.490455083138,13938.490455083138,13952.860358469325,13966.924370752358
407,13982.23083969729,13982.23083969729,14009.439903693281,14024.148587178346
408,14030.094468959818,14030.094468959818,14046.386124984912,14062.712626875056
409,14053.48139980591,14053.48139980591,14062.712626875056,14083.916926206954
410,14082.420497516601,14082.420497516601,14091.688806314349,14116.68686048633
411,14128.658038548761,14128.658038548761,14185.027549721082,14192.695820900797
412,14185.660557466736,14185.660557466736,14192.695820900797,14207.05339553097
413,14237.517445298536,14237.517445298536,14241.801437892582,14255.558097566038
414,14258.47360485546,14258.47360485546,14264.838475752658,14282.620973142888
415,14270.386672542829,14270.386672542829,14282.620973142888,14301.14553080351
416,14302.363737169382,14302.363737169382,14315.02501718725,14331.925638266526
417,14316.465553507987,14316.465553507987,14352.041179812011,14367.656789009861
418,14329.534998982826,14352.041179812011,14374.454104563212,14391.535043608084
419,14373.58216379013,14374.454104563212,14391.535043608084,14408.43289713908
420,14430.09981572682,14430.09981572682,14461.857580407506,14476.532101167139
421,14454.405826282324,14461.857580407506,14482.799432025686,14501.603748367717
422,14502.56290916311,14502.56290916311,14506.101639795113,14515.413549626506
423,14519.578054010324,14519.578054010324,14523.09353210569,14536.805554925815
424,14573.589971648724,14573.589971648724,14603.943949906281,14612.664348935388
425,14585.730507568664,14603.943949906281,14647.942284616718,14665.312724863385
426,14633.97232744339,14647.942284616718,14673.340645905084,14685.9091116447
427,14688.831979914947,14688.831979914947,14691.806210467485,14702.467465514146
428,14719.92401932832,14719.92401932832,14720.505264784986,14738.062887964266
429,14749.891436711074,14749.891436711074,14756.804598990348,14770.691684508347
430,14767.43756462785,14767.43756462785,14780.256541456083,14796.216292271087
431,14817.412289500688,14817.412289500688,14835.844372186632,14848.225149045471
432,14838.916484723799,14838.916484723799,14853.18503267873,14864.314500186792
433,14892.912583951584,14892.912583951584,14899.505054245463,14917.551673564345
434,14921.858664792502,14921.858664792502,14929.674297247957,14944.780594086324
435,14968.064191273654,14968.064191273654,14969.960912407056,14982.427709673735
436,14984.374459012286,14984.374459012286,14984.890146494186,15001.539089554148
437,15028.287618947837,15028.287618947837,15029.251183164242,15047.172603988787
438,15086.838139193369,15086.838139193369,15089.512421001713,15108.839860136011
439,15100.255528438745,15100.255528438745,15123.23836359809,15139.390961518548
440,15112.837737870414,15123.23836359809,15148.15042839213,15168.322647619041
441,15126.91715821911,15148.15042839213,15180.89964445081,15194.74659063803
442,15156.009342067657,15180.89964445081,15194.74659063803,15212.506099851971
443,15188.548690753358,15188.548690753358,15214.654073333793,15229.723072170895
444,15213.556719932572,15214.654073333793,15229.723072170895,15248.112721166384
445,15235.266748016127,15235.266748016127,15255.686656785243,15273.384512964998
446,15275.099631350091,15275.099631350091,15286.940220770493,15305.167957194222
447,15295.546254909377,15295.546254909377,15305.167957194222,15328.019244284582
448,15315.000381757885,15315.000381757885,15328.019244284582,15345.903260476734
449,15344.978828710375,15344.978828710375,15354.59973317025,15374.641821834537
450,15360.788909677633,15360.788909677633,15374.641821834537,15392.032722699107
451,15384.546095484444,15384.546095484444,15394.890120454495,15409.526256999186
452,15399.006879390612,15399.006879390612,15409.526256999186,15421.47277655633
453,15441.230560141405,15441.230560141405,15463.517559101489,15477.184441877238
454,15477.015726715868,15477.015726715868,15496.498452974616,15510.281683271143
455,15502.961942724382,15502.961942724382,15510.281683271143,15529.588434345143
456,15554.612126000286,15554.612126000286,15584.9158498997,15603.290579737477
457,15608.0720071454,15608.0720071454,15608.912970583191,15625.533995914662
458,15647.092826745265,15647.092826745265,15673.196200731874,15693.48362009928
459,15690.376842268934,15690.376842268934,15699.002028878404,15714.830327790398
460,15702.636552442546,15702.636552442546,15714.830327790398,15727.06681636149
461,15745.865072468394,15745.865072468394,15776.930231510767,15793.030404254152
462,15795.039946186369,15795.039946186369,15805.776527788328,15821.164681787337
463,15847.013447209081,15847.013447209081,15849.146416232003,15864.791531988927
464,15892.867041451907,15892.867041451907,15894.162429545177,15909.60663408516
465,15930.883549183282,15930.883549183282,15946.910586707336,15968.760932435413
466,15964.323864243737,15964.323864243737,15980.296996245273,15994.586077182892
467,15998.857794342717,15998.857794342717,15999.305771515808,16020.990902470094
468,16027.165923511195,16027.165923511195,16039.791301836158,16053.897655123918
469,16059.432714321478,16059.432714321478,16076.642999723808,16095.152221463428
470,16087.963707854546,16087.963707854546,16104.602699843017,16118.864134809592
471,16105.134106985233,16105.134106985233,16118.864134809592,16131.07880092609
472,16125.767308640114,16125.767308640114,16135.74420353485,16153.970841027256
473,16145.384298707997,16145.384298707997,16153.970841027256,16165.526718439636
474,16190.29400106958,16190.29400106958,16197.404115060648,16217.176878766131
475,16222.606803654058,16222.606803654058,16235.926030079627,16251.362708951663
476,16255.508092474347,16255.508092474347,16276.696921705265,16291.672994468967
477,16273.666310604329,16276.696921705265,16291.672994468967,16306.872853826124
478,16332.094814070057,16332.094814070057,16343.548711082287,16358.315243120052
479,16367.897033647987,16367.897033647987,16384.209646763804,16405.415329427902
480,16400.16407675715,16400.16407675715,16405.415329427902,16418.222737750046
481,16420.283355625867,16420.283355625867,16422.520014824502,16440.42353833895
482,16457.594645974797,16457.594645974797,16471.73982569471,16487.182880319546
483,16498.470684767435,16498.470684767435,16501.10282041774,16516.106583227043
484,16536.25247818418,16536.25247818418,16548.722253943008,16562.384950261257
485,16571.218126677606,16571.218126677606,16572.913750808573,16586.091966634907
486,16609.318998490817,16609.318998490817,16631.075689978108,16645.983926635843
487,16626.791916124206,16631.075689978108,16649.951996733973,16664.45366874368
488,16640.781848924533,16649.951996733973,16666.86488267617,16675.94656268818
489,16674.531429054892,16674.531429054892,16679.337479798058,16697.991375087124
490,16722.7869772191,16722.7869772191,16722.81331159277,16741.5864105848
491,16778.470681563773,16778.470681563773,16792.916781453543,16809.125598663377
492,16811.22972862098,16811.22972862098,16840.667385822784,16857.12848401133
493,16866.849108419105,16866.849108419105,16878.62647108555,16896.744291286435
494,16925.605222183684,16925.605222183684,16943.464770908264,16958.830378104474
495,16978.42507759911,16978.42507759911,16987.189983532986,17006.595559730133
496,17001.88440811119,17001.88440811119,17007.570894134435,17027.601907939657
497,17056.286162051212,17056.286162051212,17060.253220647195,17078.61867968117
498,17068.82115473344,17068.82115473344,17084.282831047105,17105.02095990939
499,17123.642124842605,17123.642124842605,17125.60697969188,17142.84287623215
500,17136.721682410363,17136.721682410363,17142.84287623215,17162.105655663487
501,17191.857166555896,17191.857166555896,17192.914982592276,17205.068887016412
502,17203.671052256646,17203.671052256646,17208.222571494505,17227.11670965087
503,17220.236667378573,17220.236667378573,17230.156357478125,17250.799063438375
504,17260.097675207493,17260.097675207493,17260.270505162393,17273.798950379216
505,17273.806330209387,17273.806330209387,17284.417192465375,17299.901367245395
506,17316.384996478584,17316.384996478584,17339.534092736292,17354.071810419744
507,17372.777647750743,17372.777647750743,17438.776414750297,17455.774941131578
508,17427.508896661355,17438.776414750297,17455.774941131578,17469.960149208993
509,17477.111823507275,17477.111823507275,17489.55641692669,17508.45111813861
510,17501.947191450046,17501.947191450046,17514.49183882157,17533.00140337592
511,17523.9603066384,17523.9603066384,17540.913404123603,17556.20207029947
512,17560.287197902337,17560.287197902337,17568.11617274898,17581.334623029914
513,17597.05137382708,17597.05137382708,17597.61923790787,17611.17116921659
514,17619.94392126032,17619.94392126032,17621.375153138735,17634.460195498716
515,17637.75657240391,17637.75657240391,17655.680938093174,17673.002434062764
516,17667.46616935698,17667.46616935698,17680.7904459523,17696.020783188942
517,17696.37097081801,17696.37097081801,17705.296624459,17726.43581865034
518,17715.444172654832,17715.444172654832,17743.70892038675,17762.81236010453
519,17736.816957026134,17743.70892038675,17762.81236010453,17783.221028235217
520,17759.48887756179,17759.48887756179,17783.221028235217,17798.00602133314
521,17778.751635545214,17778.751635545214,17798.00602133314,17820.872565930207
522,17821.23685398778,17821.23685398778,17831.556372559153,17848.29676925559
523,17876.45421162402,17876.45421162402,17877.446250313573,17892.345598609347
524,17929.61452075667,17929.61452075667,17930.546634272287,17947.093700174235
525,17970.33192434288,17970.33192434288,17975.926945739662,17992.60784964162
526,17994.92799129316,17994.92799129316,18000.120949344622,18013.82783405099
527,18024.48397717499,18024.48397717499,18026.382035342074,18043.809103691725
528,18057.85466925937,18057.85466925937,18075.621512794154,18094.146325867532
529,18102.69709681926,18102.69709681926,18111.504995911902,18126.649500789597
530,18138.661222951352,18138.661222951352,18148.728388154974,18166.53244017655
531,18194.31439958522,18194.31439958522,18194.826530576338,18212.016595325706
532,18216.22081453883,18216.22081453883,18228.67825315752,18242.77340409318
533,18259.06960593992,18259.06960593992,18271.170317675856,18281.17763779001
534,18303.228413634275,18303.228413634275,18308.095405323205,18323.007779222946
535,18332.07220848954,18332.07220848954,18343.73341458817,18364.19575929521
536,18352.557069888357,18352.557069888357,18364.19575929521,18385.502579191365
537,18392.52562805661,18392.52562805661,18403.23444830139,18422.245383211182
538,18405.89769566901,18405.89769566901,18422.245383211182,18432.469695459626
539,18442.558814861397,18442.558814861397,18443.992304397194,18455.813399693867
540,18497.492647246847,18497.492647246847,18507.84464035446,18526.698768845068
541,18551.999785979744,18551.999785979744,18557.72435931499,18571.462275876882
542,18598.200355242425,18598.200355242425,18634.944413699395,18648.57916718125
543,18614.074966706004,18634.944413699395,18648.57916718125,18667.802163565673
544,18646.73724756018,18646.73724756018,18667.802163565673,18683.085581718133
545,18697.291821774983,18697.291821774983,18707.06666921591,18726.06045315714
546,18724.9666003262,18724.9666003262,18734.718383548417,18748.510519050746
547,18749.516321538158,18749.516321538158,18764.506584708684,18780.294852148
548,18772.91457041989,18772.91457041989,18827.524597834887,18845.522208838753
549,18785.267168435876,18827.524597834887,18845.55525882611,18869.348182597747
550,18817.568362157686,18845.55525882611,18869.348182597747,18883.37994620516
551,18875.958614974978,18875.958614974978,18883.37994620516,18894.26739840415
552,18911.369635860614,18911.369635860614,18915.900851743623,18929.688809062176
553,18939.53754041138,18939.53754041138,18962.214293671394,18980.202359259438
554,18989.31652634594,18989.31652634594,18998.15591383105,19015.044535259796
555,19031.47067887377,19031.47067887377,19042.302754367804,19055.918125155513
556,19064.783254940685,19064.783254940685,19078.424397674673,19099.45051544072
557,19097.768934515592,19097.768934515592,19101.513866979963,19121.02489891287
558,19121.31107119855,19121.31107119855,19131.443337392953,19146.212086098196
559,19137.19253080757,19137.19253080757,19157.56187864259,19168.82322302173
560,19161.45374413561,19161.45374413561,19169.298991328546,19184.564632596343
561,19217.30382728297,19217.30382728297,19232.37830145006,19249.991786822473
562,19267.310001435006,19267.310001435006,19272.69376746072,19288.994139801445
563,19297.168561417486,19297.168561417486,19309.905097318704,19325.856585654554
564,19314.23159864582,19314.23159864582,19325.856585654554,19340.71848701021
565,19331.098197323747,19331.098197323747,19342.396855649,19356.269431029385
566,19372.3401914856,19372.3401914856,19374.841850415396,19387.284752462936
567,19425.67969555669,19425.67969555669,19427.12636797634,19448.67166928177
568,19458.289373822183,19458.289373822183,19471.771153511807,19486.370087646985
569,19476.675112342513,19476.675112342513,19499.67470394557,19524.597307063013
570,19495.61597024282,19499.67470394557,19524.597307063013,19543.093357769292
571,19536.59980427274,19536.59980427274,19543.093357769292,19564.14383289661
572,19571.50753496139,19571.50753496139,19594.481473497464,19611.331735039534
573,19620.498372242713,19620.498372242713,19639.219330670472,19656.63236639893
574,19644.67544592478,19644.67544592478,19671.195185805762,19684.678656463333
575,19703.31549533962,19703.31549533962,19723.185818721315,19741.680465731362
576,19733.338070324888,19733.338070324888,19741.680465731362,19754.971028854834
577,19774.79249493329,19774.79249493329,19780.896491557083,19801.42434016638
578,19789.14340682563,19789.14340682563,19801.42434016638,19823.163790423605
579,19826.720704406383,19826.720704406383,19827.75968772577,19840.867077605235
580,19865.147125241965,19865.147125241965,19878.13662005083,19892.74024715323
581,19889.303940672777,19889.303940672777,19892.74024715323,19911.507746881867
582,19920.0328598031,19920.0328598031,19924.522334173518,19942.947885302943
583,19939.190024388517,19939.190024388517,19947.314758385764,19962.0765713395
584,19953.779291245275,19953.779291245275,19976.392582639302,19991.52402198538
585,20010.419013008574,20010.419013008574,20024.78982649076,20039.98800983646
586,20066.59782002412,20066.59782002412,20067.723705220706,20080.809492540695
587,20109.434256543995,20109.434256543995,20155.924087165906,20178.46113306989
588,20142.045487774245,20155.924087165906,20178.46113306989,20193.505668940226
589,20160.99105532018,20162.936217697752,20193.505668940226,20204.514785116837
590,20208.372317440975,20208.372317440975,20219.341400133737,20235.74163770695
591,20245.8863078721,20245.8863078721,20248.51828376196,20266.00076216855
592,20293.83466383632,20293.83466383632,20308.28925218373,20321.471846933266
593,20348.39047291889,20348.39047291889,20384.018397236625,20402.981887802147
594,20371.584715723875,20384.018397236625,20402.981887802147,20418.562084229812
595,20423.598816216934,20423.598816216934,20425.90626070127,20444.846177827865
596,20463.58704061309,20463.58704061309,20470.60897839435,20487.06507646846
597,20508.92317642492,20508.92317642492,20513.881147573284,20528.79309133605
598,20549.90341435442,20549.90341435442,20562.98456816221,20579.777259818584
599,20595.982108555374,20595.982108555374,20630.89471628355,20644.857485760902
600,20651.226056840056,20651.226056840056,20670.904171041286,20688.483734637975
601,20695.596030182453,20695.596030182453,20713.39268226164,20730.41012352854
602,20731.262877637,20731.262877637,20735.404412907672,20754.279402177384
603,20777.313108004633,20777.313108004633,20779.549340950536,20794.860568756183
604,20819.606940783364,20819.606940783364,20841.85777495452,20855.551190542454
605,20858.89646457158,20858.89646457158,20870.918379326904,20886.80036291665
606,20886.170029974135,20886.170029974135,20896.339688135868,20914.372868291488
607,20904.00725001951,20904.00725001951,20914.372868291488,20927.48222985548
608,20936.850453985182,20936.850453985182,20946.46650592607,20961.664659120655
609,20952.88498346393,20952.88498346393,20961.664659120655,20974.573143822607
610,20996.936073610897,20996.936073610897,21005.559208714192,21019.645510670227
611,21037.40359733011,21037.40359733011,21037.68210890745,21053.08933621999
612,21076.931979655936,21076.931979655936,21092.618902538263,21104.56769255328
613,21115.789789526214,21115.789789526214,21124.43518707401,21137.590293556575
614,21169.709845337256,21169.709845337256,21180.849120904404,21196.901990935465
615,21217.536445211914,21217.536445211914,21229.127367162902,21246.974646476756
616,21231.31561249688,21231.31561249688,21246.974646476756,21262.901819109924
617,21280.183796907164,21280.183796907164,21283.024388955026,21300.006463543443
618,21320.228867449605,21320.228867449605,21329.039743555946,21345.60705561984
619,21344.5361450798,21344.5361450798,21362.18800916575,21378.909572599845
620,21364.235977737768,21364.235977737768,21378.909572599845,21395.144636463043
621,21385.035202524672,21385.035202524672,21432.05560092617,21450.260972599393
622,21426.627326538408,21432.05560092617,21462.152043729526,21482.521940612296
623,21473.746050310685,21473.746050310685,21482.521940612296,21500.881925982852
624,21485.41797497862,21485.41797497862,21500.881925982852,21515.550796827014
625,21515.068623128267,21515.068623128267,21520.123125604172,21532.86571175035
626,21534.367508618016,21534.367508618016,21552.051734671782,21569.902952314016
627,21590.035517778313,21590.035517778313,21599.777430732836,21617.898746607138
628,21649.007841709637,21649.007841709637,21649.115105767214,21666.68215227459
629,21690.355494491767,21690.355494491767,21690.568233409114,21714.224914319082
630,21716.88107395114,21716.88107395114,21722.15012160341,21735.35185873221
631,21772.320985062448,21772.320985062448,21795.942266295002,21816.51273574078
632,21815.270351244417,21815.270351244417,21816.51273574078,21831.488097920428
633,21826.42623034233,21826.42623034233,21845.243918104607,21859.81611821384
634,21884.006407479694,21884.006407479694,21890.825806269717,21904.109412683825
635,21918.558596687686,21918.558596687686,21931.22158418275,21944.69898818884
636,21941.207300908194,21941.207300908194,21944.69898818884,21963.418167648088
637,21956.962188352292,21956.962188352292,21963.418167648088,21978.092027192673
638,21970.123599944345,21970.123599944345,21978.092027192673,21999.717388378267
639,21998.92217491704,21998.92217491704,22016.679681246813,22037.851616590888
640,22042.1312968532,22042.1312968532,22050.307010222015,22072.03594227244
641,22081.176916526874,22081.176916526874,22090.534204939795,22102.69205203691
642,22096.3950948048,22096.3950948048,22102.69205203691,22122.826872806716
643,22119.16261446162,22119.16261446162,22122.826872806716,22136.150463521466
644,22168.534620644175,22168.534620644175,22182.228845773767,22199.814020727004
645,22225.401792984594,22225.401792984594,22230.35506915585,22242.285700700388
646,22241.339045803994,22241.339045803994,22244.521978132067,22261.97826267036
647,22268.036770082585,22268.036770082585,22291.44781543316,22309.01831791413
648,22287.455227863513,22291.44781543316,22309.01831791413,22324.96884402746
649,22332.33421510075,22332.33421510075,22343.80534881532,22353.179134188533
650,22355.9010071951,22355.9010071951,22357.317183319745,22374.35860350954
651,22394.093188073814,22394.093188073814,22395.30196335987,22412.984225214524
652,22431.14080070369,22431.14080070369,22450.542057674225,22466.528459728725
653,22474.52456082139,22474.52456082139,22494.522614414418,22513.570498362074
654,22519.237122234903,22519.237122234903,22532.573160530406,22546.894303400943
655,22544.575931536092,22544.575931536092,22554.35857035752,22571.902997420617
656,22599.869002007006,22599.869002007006,22618.768331784457,22637.769326688467
657,22634.776057455776,22634.776057455776,22642.705714943724,22658.73429057993
658,22649.160637570618,22649.160637570618,22665.379613959092,22685.332096436054
659,22679.709119269606,22679.709119269606,22687.479095133287,22705.735079985127
660,22698.845704042593,22698.845704042593,22705.735079985127,22719.93952590049
661,22741.92690094696,22741.92690094696,22743.42806152221,22762.463784532185
662,22790.244500456898,22790.244500456898,22815.001406510473,22831.45967638835
663,22819.35688641293,22819.35688641293,22836.44441547411,22856.54801299286
664,22857.0518035239,22857.0518035239,22858.938414420827,22873.757977142923
665,22870.544654446567,22870.544654446567,22873.757977142923,22891.785733543344
666,22925.930728298907,22925.930728298907,22939.834909223446,22949.51130227835
667,22978.95856685059,22978.95856685059,22982.8171907191,22995.72258758051
668,23002.04673991978,23002.04673991978,23017.21244488445,23038.817396264127
669,23030.872915146178,23030.872915146178,23064.7823725381,23078.165443170998
670,23051.402026716296,23064.7823725381,23078.165443170998,23093.76084732733
671,23075.24681648097,23075.24681648097,23103.31309671246,23121.791762071494
672,23102.30992509539,23103.31309671246,23121.791762071494,23136.294979141214
673,23150.448368719808,23150.448368719808,23157.438774478695,23178.19922790026
674,23199.7218938261,23199.7218938261,23220.380183959325,23236.483933034902
675,23244.553206655557,23244.553206655557,23248.47710282615,23263.70949210335
676,23267.45839779982,23267.45839779982,23267.566541292585,23284.98841838907
677,23284.185240904855,23284.185240904855,23291.87524011959,23308.925233222555
678,23338.055125774918,23338.055125774918,23341.26276295568,23361.09759436839
679,23377.115352629633,23377.115352629633,23380.524271107093,23392.740213201196
680,23417.3060678188,23417.3060678188,23420.039325184087,23432.66763879518
681,23467.445599916056,23467.445599916056,23485.158104565122,23505.4906881793
682,23505.369176084034,23505.369176084034,23522.768730597145,23542.037212117244
683,23543.595809140545,23543.595809140545,23548.350075796352,23563.733679397228
684,23558.084862558553,23558.084862558553,23564.389005390625,23579.491227592996
685,23594.093600265638,23594.093600265638,23625.208369553464,23636.31201804683
686,23623.79154006767,23625.208369553464,23636.31201804683,23655.443384234914
687,23641.836214948573,23641.836214948573,23655.443384234914,23668.352764160027
688,23670.335772456674,23670.335772456674,23688.105740709245,23702.09584427872
689,23697.21013829722,23697.21013829722,23717.54013072512,23729.217600838198
690,23709.951576085747,23717.54013072512,23735.91966601434,23752.59295441163
691,23728.719120258793,23735.91966601434,23764.87097716379,23778.842941599803
692,23770.43348557042,23770.43348557042,23778.842941599803,23795.62229540377
693,23808.987149325283,23808.987149325283,23825.54376166077,23839.031490687325
694,23841.66897561137,23841.66897561137,23844.33882362403,23864.179648615464
695,23860.67785040364,23860.67785040364,23865.16117261207,23884.12322407975
696,23912.256411831262,23912.256411831262,23918.144320255447,23930.695533420065
697,23947.95295987093,23947.95295987093,23958.56905652089,23970.55201329939
698,23984.838774036947,23984.838774036947,23990.77291355007,24000.239145969546
699,24027.75153936608,24027.75153936608,24038.320414113605,24056.505713607545
700,24043.922775095696,24043.922775095696,24057.628496520883,24076.762820114775
701,24057.698670516045,24057.698670516045,24097.49932802209,24111.809996518354
702,24089.534152975368,24097.49932802209,24121.573258891072,24135.96357976017
703,24106.55598600266,24121.573258891072,24137.620782848047,24156.27350856038
704,24150.66652503744,24150.66652503744,24159.756256321005,24172.732370816877
705,24173.95344305995,24173.95344305995,24182.875357955007,24202.63034651381
706,24195.294874980747,24195.294874980747,24210.336907688197,24225.584180076887
707,24254.10139229341,24254.10139229341,24254.12098745372,24269.13585475421
708,24277.384807884984,24277.384807884984,24279.721551586223,24291.965092924285
709,24310.033542028235,24310.033542028235,24319.87399628284,24337.242176321608
710,24350.971152314243,24350.971152314243,24362.940089873748,24380.12483651055
711,24396.998177102672,24396.998177102672,24418.091985644907,24437.39264380303
712,24455.793750488814,24455.793750488814,24473.704871274163,24492.212023233267
713,24499.627544919094,24499.627544919094,24499.676961783676,24516.461413135476
714,24520.975177907476,24520.975177907476,24527.105658162505,24540.82412698516
715,24547.77621744579,24547.77621744579,24550.964143962567,24564.185994652653
716,24603.210371853165,24603.210371853165,24632.441338090364,24652.92668146474
717,24638.463584547466,24638.463584547466,24652.92668146474,24669.23189780809
718,24692.17466414655,24692.17466414655,24694.940577714788,24713.383259935337
719,24718.416201934397,24718.416201934397,24739.977409112842,24754.25027768431
720,24765.56780871714,24765.56780871714,24772.117519005966,24793.128259030094
721,24779.30303549832,24779.30303549832,24793.128259030094,24812.397119906098
722,24819.27458032586,24819.27458032586,24828.436019543366,24844.72053297973
723,24851.65196011618,24851.65196011618,24852.281356293133,24868.448345242505
724,24889.353784289513,24889.353784289513,24917.775737989185,24930.130027595886
725,24948.27792152804,24948.27792152804,24969.05812027645,24980.22661344431
726,25006.184919829113,25006.184919829113,25026.071683712762,25040.540807785957
727,25037.15019251668,25037.15019251668,25040.540807785957,25052.92875741572
728,25078.175331986287,25078.175331986287,25085.64287195925,25096.586835716418
729,25102.381957708138,25102.381957708138,25105.205206087703,25120.899199890435
730,25138.92802962389,25138.92802962389,25146.52292537402,25164.269784374483
731,25194.186149200545,25194.186149200545,25204.978109218995,25223.345880415203
732,25215.579447944183,25215.579447944183,25230.279116335256,25239.17925881692
733,25264.857502142175,25264.857502142175,25275.50330456338,25292.950307652758
734,25316.921510673095,25316.921510673095,25329.638906157354,25342.000161669537
735,25362.259752925944,25362.259752925944,25437.084451957944,25455.400967554833
736,25384.025884559054,25437.084451957944,25455.400967554833,25475.508835754517
737,25421.958262429493,25437.992692852087,25475.508835754517,25493.99381569203
738,25439.51828692902,25439.51828692902,25493.99381569203,25507.802211379694
739,25453.553370378973,25462.832735273878,25507.802211379694,25523.833215599836
740,25508.055511230366,25508.055511230366,25523.833215599836,25535.88337362287
741,25558.43054800489,25558.43054800489,25564.895255038493,25582.338010868854
742,25616.380491049353,25616.380491049353,25624.6474772017,25640.34969530156
743,25665.191854291406,25665.191854291406,25687.679047155805,25707.846766308932
744,25702.701705340853,25702.701705340853,25713.50063004028,25728.624787639317
745,25745.69571330496,25745.69571330496,25761.520599350002,25779.649288988046
746,25773.398454057315,25773.398454057315,25783.488689907506,25798.684738969023
747,25786.31215081254,25786.31215081254,25798.684738969023,25816.17467719489
748,25820.022713592607,25820.022713592607,25825.568253554764,25840.10710511912
749,25842.817622649796,25842.817622649796,25856.793035214894,25870.42843741279
750,25867.182495922923,25867.182495922923,25872.35025863209,25891.097480179877
751,25921.201173248148,25921.201173248148,25928.47032208542,25937.66091526453
752,25966.439601886737,25966.439601886737,25968.817698265455,25980.886146800054
753,26006.366716321056,26006.366716321056,26008.723494273407,26030.356730441155
754,26024.95274821173,26024.95274821173,26031.94761515234,26048.399715081126
755,26048.801922475905,26048.801922475905,26053.47048039269,26075.38247196666
756,26089.84519141264,26089.84519141264,26092.863834166485,26109.58190192339
757,26119.78848533553,26119.78848533553,26122.2695228155,26132.629507256766
758,26138.008782871795,26138.008782871795,26138.63568064944,26155.800769268364
759,26159.06387845809,26159.06387845809,26183.99614294262,26199.6312600867
760,26184.09085534043,26184.09085534043,26199.6312600867,26215.589751676915
761,26228.21093669809,26228.21093669809,26234.289726082632,26247.12641272592
762,26268.736604568545,26268.736604568545,26268.81055298548,26283.00902789869
763,26312.317023447536,26312.317023447536,26325.025293501458,26340.42893516211
764,26354.584492904523,26354.584492904523,26373.333821781445,26389.751757197813
765,26370.990999464047,26373.333821781445,26392.218818841167,26401.616997286943
766,26389.917750293756,26392.218818841167,26402.229997331226,26422.113597448846
767,26447.87056889156,26447.87056889156,26455.91002388949,26477.550257002848
768,26463.011709105147,26463.011709105147,26477.550257002848,26493.75567391118
769,26515.21110143432,26515.21110143432,26532.159789766923,26547.635938181924
770,26570.5142205354,26570.5142205354,26576.39439613392,26584.888601189876
771,26604.904699410446,26604.904699410446,26605.370736986893,26620.687265968616
772,26630.64382601935,26630.64382601935,26636.356009945564,26655.975663961275
773,26659.131763956637,26659.131763956637,26661.634349381944,26679.175704431298
774,26710.960360670626,26710.960360670626,26730.57978387805,26744.028086108752
775,26729.918423461895,26730.57978387805,26763.913697304124,26780.552942810154
776,26770.619886179396,26770.619886179396,26791.237675841377,26806.86496108319
777,26810.57009754187,26810.57009754187,26827.762552545908,26841.479391114044
778,26848.195710465214,26848.195710465214,26851.393192372707,26867.581641693014
779,26864.97994766767,26864.97994766767,26867.70359621634,26879.748138815623
780,26916.89901923426,26916.89901923426,26939.55040241218,26954.101036523592
781,26954.259608624918,26954.259608624918,26962.202231755648,26981.646870892488
782,26976.057042803972,26976.057042803972,26988.4057727531,26994.992512501558
783,27003.585454522785,27003.585454522785,27023.889599876005,27039.640953694354
784,27041.66865713051,27041.66865713051,27048.078847182358,27064.55511326726
785,27072.14050748609,27072.14050748609,27078.07643379705,27089.697381595288
786,27088.437798746738,27088.437798746738,27098.580609366698,27112.631094643195
787,27123.291328141673,27123.291328141673,27131.11458965584,27150.21654084072
788,27173.651714983924,27173.651714983924,27180.213085362575,27197.402758774115
789,27190.276853574986,27190.276853574986,27197.402758774115,27211.59717020776
790,27238.12460135846,27238.12460135846,27250.385679291354,27266.54032039648
791,27285.57157402367,27285.57157402367,27291.094810419578,27304.42995782899
792,27338.57069466663,27338.57069466663,27357.48078740908,27371.002739238036
793,27354.600025810316,27357.48078740908,27373.676742771844,27390.88114346188
794,27396.193555121416,27396.193555121416,27405.102159676273,27417.24637694517
795,27413.895509665126,27413.895509665126,27422.37151848175,27439.676309388244
796,27470.604535163908,27470.604535163908,27478.17825467967,27491.341293780388
797,27511.46301447132,27511.46301447132,27518.36296894211,27533.706857442747
798,27535.027931839264,27535.027931839264,27535.850161812774,27554.20119945849
799,27563.75693438443,27563.75693438443,27569.266351349488,27584.176327580502
800,27575.382886486135,27575.382886486135,27593.620206368952,27607.49635165996
801,27601.68828690042,27601.68828690042,27647.446077912668,27658.712084933195
802,27616.599107026974,27647.446077912668,27700.419814911213,27715.750492126328
803,27667.877791366125,27700.419814911213,27758.22178528616,27768.915878776545
804,27690.874015744037,27758.22178528616,27810.166773214525,27827.927493794337
805,27709.844408892168,27810.166773214525,27829.796288207537,27846.57292714502
806,27725.72067399697,27829.796288207537,27846.57292714502,27863.540740711913
807,27759.27254046207,27835.931239860558,27863.540740711913,27880.348542358803
808,27777.401038100597,27836.91129586184,27880.348542358803,27894.93527878731
809,27802.321296283673,27839.729950875135,27894.93527878731,27907.690615706942
810,27846.95728325583,27846.95728325583,27907.690615706942,27926.73103079546
811,27881.754406946042,27881.754406946042,27926.73103079546,27941.338060493727
812,27909.6293430521,27909.6293430521,27941.338060493727,27955.986218269783
813,27935.08258627999,27935.08258627999,27955.986218269783,27973.90655176248
814,27982.156069766184,27982.156069766184,27987.03396526493,27995.051786566262
815,28025.426794342042,28025.426794342042,28026.110878962285,28044.851141424162
816,28077.823101537266,28077.823101537266,28102.959272298533,28118.818127762574
817,28099.30637732814,28102.959272298533,28118.818127762574,28130.113067333477
818,28133.778083197656,28133.778083197656,28146.603136952075,28164.916939239996
819,28191.35854607667,28191.35854607667,28197.398412033326,28216.910872702167
820,28240.007897791438,28240.007897791438,28245.107699846303,28262.437451675167
821,28268.457603906063,28268.457603906063,28273.105645650227,28286.722549448223
822,28304.110436419433,28304.110436419433,28310.63450121478,28325.03709844028
823,28354.366692384952,28354.366692384952,28362.013872446216,28381.873597478927
824,28374.087286200433,28374.087286200433,28389.275873694813,28410.82035398594
825,28417.26079834589,28417.26079834589,28418.162049350303,28440.955581169685
826,28439.276175681727,28439.276175681727,28471.522305748775,28484.950282775953
827,28493.418616170136,28493.418616170136,28525.815204979794,28546.717979719513
828,28539.599330088648,28539.599330088648,28546.717979719513,28558.770196507146
829,28570.581045437753,28570.581045437753,28571.36447985686,28592.64223998019
830,28591.66411848818,28591.66411848818,28609.043416318917,28619.283064409294
831,28617.414543635885,28617.414543635885,28650.54406963245,28657.55357502386
832,28629.104567132923,28650.54406963245,28668.49280573452,28685.1762211231
833,28685.39833311565,28685.39833311565,28692.16390935709,28709.662753657936
834,28711.943074979597,28711.943074979597,28757.681495352004,28771.481780903603
835,28751.780457947178,28757.681495352004,28771.481780903603,28788.52472292621
836,28762.896557400087,28771.362753249636,28788.52472292621,28802.863597451254
837,28789.54431103598,28789.54431103598,28809.018446614205,28826.86812930246
838,28829.356702078934,28829.356702078934,28834.661480161638,28853.28086180597
839,28887.664987390137,28887.664987390137,28888.04551407832,28906.179179465704
840,28904.11649638495,28904.11649638495,28915.63045348114,28928.916951246403
841,28953.518674669103,28953.518674669103,28971.05735734737,28992.273949165385
842,29001.977615162275,29001.977615162275,29002.15296244416,29013.694221905524
843,29027.442809288623,29027.442809288623,29034.128853762613,29049.206857565834
844,29071.988130812224,29071.988130812224,29079.73620594805,29102.331509769254
845,29096.05083910669,29096.05083910669,29105.41061243278,29123.454150372167
846,29119.816526235874,29119.816526235874,29130.41148818138,29143.83127843407
847,29138.076854671723,29138.076854671723,29143.83127843407,29160.54388361204
848,29157.240001862876,29157.240001862876,29163.427824411385,29176.429802672024
849,29178.156982437536,29178.156982437536,29179.68955644704,29197.120466717566
850,29191.229975016046,29191.229975016046,29197.120466717566,29210.88461302352
851,29235.4245207839,29235.4245207839,29236.289289207274,29246.754465963142
852,29278.19588575683,29278.19588575683,29293.607697165302,29308.712518613756
853,29301.316216319865,29301.316216319865,29308.712518613756,29321.09391935439
854,29330.861215428016,29330.861215428016,29333.02578948201,29352.154090599237
855,29351.347831966537,29351.347831966537,29373.699772772587,29387.325963064144
856,29389.445238371885,29389.445238371885,29400.007154678555,29417.18190884516
857,29433.533973076628,29433.533973076628,29434.64578877742,29450.03761817869
858,29489.997406583585,29489.997406583585,29513.815102409513,29533.20529494725
859,29532.593667461744,29532.593667461744,29533.20529494725,29555.104011537736
860,29578.771624999732,29578.771624999732,29579.932811017734,29593.089531351
861,29628.88291401672,29628.88291401672,29629.8585302564,29648.252258892942
862,29687.180658504898,29687.180658504898,29690.628919897474,29704.928873122386
863,29731.86996621959,29731.86996621959,29747.48528445076,29764.534394872593
864,29782.72672777549,29782.72672777549,29803.173739589787,29814.735420665686
865,29803.434744352817,29803.434744352817,29821.521695360952,29836.61473647381
866,29861.433511045165,29861.433511045165,29866.403191982376,29883.499391855712
867,29911.02448274093,29911.02448274093,29921.797136305842,29934.527298574467
868,29944.11540668462,29944.11540668462,29945.23678126527,29960.772688236502
